0.0,1.0
0.0,1.0
30.0,1.0
35.0,2.0
40.0,2.0
45.0,1.0
50.0,1.0
55.0,4.0
60.0,4.0
65.0,1.0
90.0,1.0
95.0,4.0
100.0,4.0
105.0,1.0
160.0,1.0
165.0,2.0
170.0,2.0
175.0,1.0
190.0,1.0
195.0,3.0
200.0,3.0
205.0,1.0
230.0,1.0
235.0,3.0
240.0,3.0
245.0,1.0
310.0,1.0
315.0,3.0
320.0,3.0
325.0,4.0
330.0,4.0
335.0,1.0
370.0,1.0
375.0,2.0
380.0,2.0
385.0,1.0
490.0,1.0
495.0,4.0
500.0,4.0
505.0,1.0
520.0,1.0
525.0,3.0
530.0,3.0
535.0,1.0
730.0,1.0
735.0,3.0
740.0,3.0
745.0,1.0
750.0,1.0
755.0,3.0
760.0,3.0
765.0,1.0
770.0,1.0
775.0,3.0
780.0,3.0
785.0,1.0
800.0,1.0
805.0,2.0
810.0,2.0
815.0,1.0
830.0,1.0
835.0,2.0
840.0,2.0
845.0,1.0
960.0,1.0
965.0,3.0
970.0,3.0
975.0,1.0
980.0,1.0
985.0,2.0
990.0,2.0
995.0,1.0
1010.0,1.0
1015.0,2.0
1020.0,2.0
1025.0,3.0
1030.0,3.0
1035.0,1.0
1040.0,1.0
1045.0,2.0
1050.0,2.0
1055.0,1.0
1060.0,1.0
1065.0,2.0
1070.0,2.0
1075.0,1.0
1080.0,1.0
1085.0,2.0
1090.0,2.0
1095.0,1.0
1150.0,1.0
1155.0,4.0
1160.0,4.0
1165.0,3.0
1180.0,3.0
1185.0,1.0
1200.0,1.0
1205.0,2.0
1210.0,2.0
1215.0,1.0
1220.0,1.0
1225.0,2.0
1230.0,2.0
1235.0,1.0
1250.0,1.0
1255.0,2.0
1260.0,2.0
1265.0,1.0
1270.0,1.0
1275.0,4.0
1280.0,4.0
1285.0,1.0
1300.0,1.0
1305.0,4.0
1310.0,4.0
1315.0,3.0
1320.0,3.0
1325.0,1.0
1330.0,1.0
1335.0,2.0
1340.0,2.0
1345.0,1.0
1370.0,1.0
1375.0,2.0
1380.0,2.0
1385.0,1.0
1400.0,1.0
1405.0,2.0
1410.0,2.0
1415.0,1.0
1420.0,1.0
1425.0,3.0
1430.0,3.0
1435.0,1.0
1460.0,1.0
1465.0,4.0
1470.0,4.0
1475.0,1.0
1480.0,1.0
1485.0,2.0
1490.0,2.0
1495.0,1.0
1500.0,1.0
1505.0,3.0
1510.0,3.0
1515.0,2.0
1520.0,2.0
1525.0,1.0
1530.0,1.0
1535.0,3.0
1540.0,3.0
1545.0,1.0
1550.0,1.0
1555.0,4.0
1560.0,4.0
1565.0,2.0
1570.0,2.0
1575.0,1.0
1590.0,1.0
1595.0,4.0
1600.0,4.0
1605.0,1.0
1610.0,1.0
1615.0,3.0
1620.0,3.0
1625.0,1.0
1660.0,1.0
1665.0,2.0
1670.0,2.0
1675.0,1.0
1680.0,1.0
1685.0,2.0
1690.0,2.0
1695.0,1.0
1700.0,1.0
1705.0,2.0
1720.0,2.0
1725.0,3.0
1730.0,3.0
1735.0,1.0
1740.0,1.0
1745.0,3.0
1750.0,3.0
1755.0,1.0
1780.0,1.0
1785.0,4.0
1790.0,4.0
1795.0,3.0
1800.0,3.0
1805.0,1.0
1870.0,1.0
1875.0,3.0
1880.0,3.0
1885.0,1.0
1900.0,1.0
1905.0,2.0
1910.0,2.0
1915.0,3.0
1930.0,3.0
1935.0,1.0
1980.0,1.0
1985.0,4.0
1990.0,4.0
1995.0,1.0
2030.0,1.0
2035.0,3.0
2040.0,3.0
2045.0,1.0
2060.0,1.0
2065.0,2.0
2070.0,2.0
2075.0,1.0
2090.0,1.0
2095.0,2.0
2100.0,2.0
2105.0,1.0
2140.0,1.0
2145.0,3.0
2150.0,3.0
2155.0,2.0
2160.0,2.0
2165.0,1.0
2170.0,1.0
2175.0,2.0
2180.0,2.0
2185.0,1.0
2190.0,1.0
2195.0,2.0
2200.0,2.0
2205.0,1.0
2280.0,1.0
2285.0,3.0
2300.0,3.0
2305.0,1.0
2310.0,1.0
2315.0,4.0
2320.0,4.0
2325.0,2.0
2330.0,2.0
2335.0,1.0
2350.0,1.0
2355.0,4.0
2360.0,4.0
2365.0,1.0
2400.0,1.0
2405.0,2.0
2410.0,2.0
2415.0,1.0
2420.0,1.0
2425.0,3.0
2430.0,3.0
2435.0,1.0
2510.0,1.0
2515.0,2.0
2520.0,2.0
2525.0,3.0
2530.0,3.0
2535.0,1.0
2560.0,1.0
2565.0,2.0
2580.0,2.0
2585.0,1.0
2590.0,1.0
2595.0,2.0
2600.0,2.0
2605.0,1.0
2710.0,1.0
2715.0,4.0
2720.0,4.0
2725.0,1.0
2730.0,1.0
2735.0,3.0
2740.0,3.0
2745.0,1.0
2750.0,1.0
2755.0,2.0
2760.0,2.0
2765.0,1.0
2850.0,1.0
2855.0,2.0
2860.0,2.0
2865.0,1.0
2950.0,1.0
2955.0,3.0
2960.0,3.0
2965.0,1.0
3020.0,1.0
3025.0,3.0
3030.0,3.0
3035.0,2.0
3060.0,2.0
3065.0,3.0
3070.0,3.0
3075.0,1.0
3080.0,1.0
3085.0,3.0
3090.0,3.0
3095.0,1.0
3100.0,1.0
3105.0,2.0
3110.0,2.0
3115.0,1.0
3120.0,1.0
3125.0,2.0
3130.0,2.0
3135.0,1.0
3140.0,1.0
3145.0,2.0
3150.0,2.0
3155.0,1.0
3160.0,1.0
3165.0,3.0
3170.0,3.0
3175.0,4.0
3180.0,4.0
3185.0,1.0
3210.0,1.0
3215.0,4.0
3220.0,4.0
3225.0,1.0
3310.0,1.0
3315.0,3.0
3320.0,3.0
3325.0,1.0
3390.0,1.0
3395.0,4.0
3400.0,4.0
3405.0,1.0
3460.0,1.0
3465.0,2.0
3470.0,2.0
3475.0,3.0
3480.0,3.0
3485.0,1.0
3500.0,1.0
3505.0,4.0
3520.0,4.0
3525.0,1.0
3540.0,1.0
3545.0,3.0
3550.0,3.0
3555.0,2.0
3560.0,2.0
3565.0,1.0
3580.0,1.0
3585.0,2.0
3590.0,2.0
3595.0,1.0
