0.0,1.0
0.0,1.0
150.0,1.0
155.0,2.0
160.0,2.0
165.0,1.0
170.0,1.0
175.0,4.0
180.0,4.0
185.0,1.0
310.0,1.0
315.0,3.0
320.0,3.0
325.0,1.0
500.0,1.0
505.0,3.0
510.0,3.0
515.0,1.0
550.0,1.0
555.0,4.0
560.0,4.0
565.0,1.0
650.0,1.0
655.0,3.0
660.0,3.0
665.0,1.0
740.0,1.0
745.0,2.0
760.0,2.0
765.0,1.0
810.0,1.0
815.0,3.0
820.0,3.0
825.0,1.0
830.0,1.0
835.0,3.0
840.0,3.0
845.0,2.0
850.0,2.0
855.0,3.0
860.0,3.0
865.0,4.0
880.0,4.0
885.0,2.0
890.0,2.0
895.0,1.0
900.0,1.0
905.0,3.0
920.0,3.0
925.0,2.0
930.0,2.0
935.0,3.0
940.0,3.0
945.0,1.0
950.0,1.0
955.0,3.0
970.0,3.0
975.0,2.0
980.0,2.0
985.0,3.0
990.0,3.0
995.0,2.0
1000.0,2.0
1005.0,1.0
1010.0,1.0
1015.0,2.0
1020.0,2.0
1025.0,1.0
1030.0,1.0
1035.0,3.0
1050.0,3.0
1055.0,2.0
1080.0,2.0
1085.0,1.0
1090.0,1.0
1095.0,4.0
1100.0,4.0
1105.0,3.0
1110.0,3.0
1115.0,2.0
1130.0,2.0
1135.0,1.0
1140.0,1.0
1145.0,3.0
1150.0,3.0
1155.0,4.0
1160.0,4.0
1165.0,3.0
1170.0,3.0
1175.0,2.0
1180.0,2.0
1185.0,1.0
1190.0,1.0
1195.0,3.0
1200.0,3.0
1205.0,1.0
1220.0,1.0
1225.0,4.0
1230.0,4.0
1235.0,1.0
1240.0,1.0
1245.0,2.0
1250.0,2.0
1255.0,1.0
1260.0,1.0
1265.0,3.0
1270.0,3.0
1275.0,2.0
1280.0,2.0
1285.0,1.0
1300.0,1.0
1305.0,2.0
1320.0,2.0
1325.0,1.0
1350.0,1.0
1355.0,3.0
1360.0,3.0
1365.0,1.0
1380.0,1.0
1385.0,2.0
1410.0,2.0
1415.0,1.0
1420.0,1.0
1425.0,2.0
1430.0,2.0
1435.0,1.0
1460.0,1.0
1465.0,3.0
1470.0,3.0
1475.0,2.0
1480.0,2.0
1485.0,1.0
1510.0,1.0
1515.0,4.0
1520.0,4.0
1525.0,1.0
1530.0,1.0
1535.0,2.0
1550.0,2.0
1555.0,1.0
1560.0,1.0
1565.0,2.0
1570.0,2.0
1575.0,3.0
1580.0,3.0
1585.0,2.0
1590.0,2.0
1595.0,1.0
1600.0,1.0
1605.0,3.0
1610.0,3.0
1615.0,4.0
1620.0,4.0
1625.0,2.0
1630.0,2.0
1635.0,1.0
1640.0,1.0
1645.0,3.0
1650.0,3.0
1655.0,2.0
1660.0,2.0
1665.0,1.0
1680.0,1.0
1685.0,2.0
1690.0,2.0
1695.0,4.0
1700.0,4.0
1705.0,3.0
1710.0,3.0
1715.0,1.0
1720.0,1.0
1725.0,3.0
1760.0,3.0
1765.0,1.0
1770.0,1.0
1775.0,3.0
1790.0,3.0
1795.0,2.0
1800.0,2.0
1805.0,1.0
1810.0,1.0
1815.0,2.0
1870.0,2.0
1875.0,1.0
1880.0,1.0
1885.0,2.0
1890.0,2.0
1895.0,4.0
1900.0,4.0
1905.0,2.0
1930.0,2.0
1935.0,4.0
1940.0,4.0
1945.0,3.0
1950.0,3.0
1955.0,2.0
1960.0,2.0
1965.0,1.0
1980.0,1.0
1985.0,2.0
1990.0,2.0
1995.0,1.0
2010.0,1.0
2015.0,3.0
2020.0,3.0
2025.0,1.0
2060.0,1.0
2065.0,4.0
2070.0,4.0
2075.0,1.0
2080.0,1.0
2085.0,2.0
2090.0,2.0
2095.0,1.0
2100.0,1.0
2105.0,2.0
2110.0,2.0
2115.0,1.0
2130.0,1.0
2135.0,2.0
2150.0,2.0
2155.0,1.0
2160.0,1.0
2165.0,2.0
2170.0,2.0
2175.0,1.0
2180.0,1.0
2185.0,2.0
2210.0,2.0
2215.0,1.0
2220.0,1.0
2225.0,2.0
2230.0,2.0
2235.0,1.0
2240.0,1.0
2245.0,2.0
2260.0,2.0
2265.0,1.0
2270.0,1.0
2275.0,3.0
2280.0,3.0
2285.0,2.0
2340.0,2.0
2345.0,4.0
2350.0,4.0
2355.0,1.0
2360.0,1.0
2365.0,2.0
2400.0,2.0
2405.0,1.0
2410.0,1.0
2415.0,2.0
2490.0,2.0
2495.0,4.0
2500.0,4.0
2505.0,1.0
2510.0,1.0
2515.0,2.0
2520.0,2.0
2525.0,1.0
2550.0,1.0
2555.0,2.0
2560.0,2.0
2565.0,1.0
2600.0,1.0
2605.0,3.0
2610.0,3.0
2615.0,1.0
2650.0,1.0
2655.0,2.0
2660.0,2.0
2665.0,3.0
2670.0,3.0
2675.0,1.0
2710.0,1.0
2715.0,4.0
2720.0,4.0
2725.0,1.0
2780.0,1.0
2785.0,2.0
2810.0,2.0
2815.0,1.0
2840.0,1.0
2845.0,2.0
2850.0,2.0
2855.0,1.0
2880.0,1.0
2885.0,3.0
2890.0,3.0
2895.0,1.0
2920.0,1.0
2925.0,2.0
2930.0,2.0
2935.0,3.0
2940.0,3.0
2945.0,2.0
2950.0,2.0
2955.0,4.0
2960.0,4.0
2965.0,2.0
2970.0,2.0
2975.0,1.0
2980.0,1.0
2985.0,2.0
2990.0,2.0
2995.0,1.0
3000.0,1.0
3005.0,4.0
3020.0,4.0
3025.0,2.0
3030.0,2.0
3035.0,1.0
3080.0,1.0
3085.0,2.0
3130.0,2.0
3135.0,3.0
3140.0,3.0
3145.0,1.0
3150.0,1.0
3155.0,2.0
3160.0,2.0
3165.0,1.0
3190.0,1.0
3195.0,3.0
3200.0,3.0
3205.0,1.0
3210.0,1.0
3215.0,3.0
3220.0,3.0
3225.0,1.0
3230.0,1.0
3235.0,4.0
3240.0,4.0
3245.0,3.0
3250.0,3.0
3255.0,1.0
3270.0,1.0
3275.0,2.0
3300.0,2.0
3305.0,1.0
3310.0,1.0
3315.0,2.0
3320.0,2.0
3325.0,1.0
3330.0,1.0
3335.0,2.0
3410.0,2.0
3415.0,1.0
3420.0,1.0
3425.0,2.0
3510.0,2.0
3515.0,1.0
3540.0,1.0
3545.0,3.0
3550.0,3.0
3555.0,1.0
3560.0,1.0
3565.0,2.0
3570.0,2.0
3575.0,1.0
3580.0,1.0
3585.0,3.0
3590.0,3.0
3595.0,2.0
