0.0,1.0
0.0,1.0
0.0,1.0
5.0,4.0
10.0,4.0
15.0,3.0
50.0,3.0
55.0,1.0
60.0,1.0
65.0,3.0
80.0,3.0
85.0,1.0
90.0,1.0
95.0,4.0
100.0,4.0
105.0,3.0
110.0,3.0
115.0,2.0
120.0,2.0
125.0,3.0
130.0,3.0
135.0,2.0
140.0,2.0
145.0,1.0
150.0,1.0
155.0,3.0
160.0,3.0
165.0,1.0
170.0,1.0
175.0,3.0
200.0,3.0
205.0,1.0
210.0,1.0
215.0,3.0
230.0,3.0
235.0,1.0
240.0,1.0
245.0,3.0
250.0,3.0
255.0,1.0
260.0,1.0
265.0,4.0
270.0,4.0
275.0,3.0
290.0,3.0
295.0,1.0
300.0,1.0
305.0,2.0
310.0,2.0
315.0,3.0
320.0,3.0
325.0,1.0
330.0,1.0
335.0,3.0
350.0,3.0
355.0,1.0
360.0,1.0
365.0,3.0
370.0,3.0
375.0,1.0
380.0,1.0
385.0,3.0
420.0,3.0
425.0,4.0
430.0,4.0
435.0,2.0
440.0,2.0
445.0,1.0
450.0,1.0
455.0,3.0
460.0,3.0
465.0,2.0
470.0,2.0
475.0,3.0
480.0,3.0
485.0,2.0
490.0,2.0
495.0,3.0
500.0,3.0
505.0,1.0
510.0,1.0
515.0,3.0
540.0,3.0
545.0,1.0
550.0,1.0
555.0,3.0
560.0,3.0
565.0,1.0
570.0,1.0
575.0,4.0
580.0,4.0
585.0,1.0
590.0,1.0
595.0,4.0
600.0,4.0
605.0,1.0
610.0,1.0
615.0,3.0
620.0,3.0
625.0,4.0
630.0,4.0
635.0,3.0
650.0,3.0
655.0,1.0
660.0,1.0
665.0,3.0
670.0,3.0
675.0,1.0
680.0,1.0
685.0,3.0
690.0,3.0
695.0,1.0
700.0,1.0
705.0,3.0
710.0,3.0
715.0,1.0
720.0,1.0
725.0,2.0
730.0,2.0
735.0,1.0
740.0,1.0
745.0,3.0
750.0,3.0
755.0,1.0
760.0,1.0
765.0,3.0
770.0,3.0
775.0,1.0
780.0,1.0
785.0,3.0
800.0,3.0
805.0,1.0
810.0,1.0
815.0,2.0
820.0,2.0
825.0,1.0
830.0,1.0
835.0,3.0
850.0,3.0
855.0,1.0
860.0,1.0
865.0,3.0
890.0,3.0
895.0,2.0
900.0,2.0
905.0,3.0
910.0,3.0
915.0,1.0
920.0,1.0
925.0,3.0
930.0,3.0
935.0,2.0
940.0,2.0
945.0,3.0
950.0,3.0
955.0,1.0
960.0,1.0
965.0,2.0
970.0,2.0
975.0,1.0
980.0,1.0
985.0,2.0
990.0,2.0
995.0,1.0
1000.0,1.0
1005.0,3.0
1010.0,3.0
1015.0,1.0
1020.0,1.0
1025.0,3.0
1030.0,3.0
1035.0,1.0
1040.0,1.0
1045.0,3.0
1060.0,3.0
1065.0,1.0
1070.0,1.0
1075.0,3.0
1080.0,3.0
1085.0,1.0
1090.0,1.0
1095.0,3.0
1120.0,3.0
1125.0,1.0
1130.0,1.0
1135.0,3.0
1140.0,3.0
1145.0,1.0
1150.0,1.0
1155.0,4.0
1200.0,4.0
1205.0,3.0
1210.0,3.0
1215.0,2.0
1230.0,2.0
1235.0,1.0
1240.0,1.0
1245.0,2.0
1250.0,2.0
1255.0,1.0
1260.0,1.0
1265.0,3.0
1270.0,3.0
1275.0,4.0
1290.0,4.0
1295.0,1.0
1300.0,1.0
1305.0,3.0
1310.0,3.0
1315.0,4.0
1330.0,4.0
1335.0,2.0
1340.0,2.0
1345.0,3.0
1350.0,3.0
1355.0,1.0
1360.0,1.0
1365.0,3.0
1380.0,3.0
1385.0,1.0
1390.0,1.0
1395.0,4.0
1400.0,4.0
1405.0,1.0
1410.0,1.0
1415.0,2.0
1430.0,2.0
1435.0,3.0
1470.0,3.0
1475.0,1.0
1480.0,1.0
1485.0,2.0
1490.0,2.0
1495.0,1.0
1500.0,1.0
1505.0,3.0
1510.0,3.0
1515.0,2.0
1520.0,2.0
1525.0,1.0
1530.0,1.0
1535.0,3.0
1540.0,3.0
1545.0,2.0
1550.0,2.0
1555.0,3.0
1560.0,3.0
1565.0,1.0
1570.0,1.0
1575.0,3.0
1580.0,3.0
1585.0,1.0
1600.0,1.0
1605.0,2.0
1610.0,2.0
1615.0,4.0
1620.0,4.0
1625.0,1.0
1630.0,1.0
1635.0,4.0
1640.0,4.0
1645.0,3.0
1660.0,3.0
1665.0,2.0
1670.0,2.0
1675.0,3.0
1690.0,3.0
1695.0,1.0
1700.0,1.0
1705.0,3.0
1730.0,3.0
1735.0,4.0
1740.0,4.0
1745.0,3.0
1770.0,3.0
1775.0,1.0
1780.0,1.0
1785.0,3.0
1800.0,3.0
1805.0,2.0
1810.0,2.0
1815.0,3.0
1850.0,3.0
1855.0,1.0
1870.0,1.0
1875.0,3.0
1880.0,3.0
1885.0,1.0
1890.0,1.0
1895.0,3.0
1900.0,3.0
1905.0,1.0
1910.0,1.0
1915.0,3.0
1920.0,3.0
1925.0,1.0
1930.0,1.0
1935.0,3.0
1940.0,3.0
1945.0,1.0
1950.0,1.0
1955.0,2.0
1960.0,2.0
1965.0,1.0
1980.0,1.0
1985.0,3.0
1990.0,3.0
1995.0,1.0
2010.0,1.0
2015.0,3.0
2020.0,3.0
2025.0,1.0
2030.0,1.0
2035.0,3.0
2040.0,3.0
2045.0,1.0
2050.0,1.0
2055.0,3.0
2080.0,3.0
2085.0,1.0
2090.0,1.0
2095.0,3.0
2100.0,3.0
2105.0,2.0
2110.0,2.0
2115.0,3.0
2130.0,3.0
2135.0,1.0
2140.0,1.0
2145.0,2.0
