0.0,1.0
0.0,1.0
10.0,1.0
15.0,3.0
40.0,3.0
45.0,1.0
50.0,1.0
55.0,4.0
60.0,4.0
65.0,3.0
80.0,3.0
85.0,2.0
90.0,2.0
95.0,3.0
100.0,3.0
105.0,4.0
120.0,4.0
125.0,3.0
140.0,3.0
145.0,2.0
150.0,2.0
155.0,3.0
190.0,3.0
195.0,4.0
200.0,4.0
205.0,1.0
210.0,1.0
215.0,3.0
220.0,3.0
225.0,2.0
230.0,2.0
235.0,3.0
280.0,3.0
285.0,4.0
300.0,4.0
305.0,3.0
330.0,3.0
335.0,2.0
340.0,2.0
345.0,4.0
350.0,4.0
355.0,3.0
380.0,3.0
385.0,4.0
390.0,4.0
395.0,3.0
410.0,3.0
415.0,2.0
420.0,2.0
425.0,3.0
440.0,3.0
445.0,4.0
450.0,4.0
455.0,2.0
460.0,2.0
465.0,3.0
470.0,3.0
475.0,2.0
480.0,2.0
485.0,3.0
510.0,3.0
515.0,1.0
520.0,1.0
525.0,3.0
540.0,3.0
545.0,2.0
550.0,2.0
555.0,3.0
610.0,3.0
615.0,2.0
620.0,2.0
625.0,1.0
630.0,1.0
635.0,3.0
670.0,3.0
675.0,4.0
680.0,4.0
685.0,3.0
720.0,3.0
725.0,1.0
730.0,1.0
735.0,3.0
750.0,3.0
755.0,1.0
760.0,1.0
765.0,2.0
770.0,2.0
775.0,3.0
780.0,3.0
785.0,4.0
790.0,4.0
795.0,2.0
800.0,2.0
805.0,3.0
810.0,3.0
815.0,2.0
820.0,2.0
825.0,4.0
830.0,4.0
835.0,3.0
900.0,3.0
905.0,1.0
910.0,1.0
915.0,2.0
920.0,2.0
925.0,3.0
940.0,3.0
945.0,4.0
950.0,4.0
955.0,3.0
1110.0,3.0
1115.0,2.0
1120.0,2.0
1125.0,3.0
1130.0,3.0
1135.0,2.0
1140.0,2.0
1145.0,3.0
1220.0,3.0
1225.0,4.0
1230.0,4.0
1235.0,1.0
1240.0,1.0
1245.0,3.0
1250.0,3.0
1255.0,4.0
1260.0,4.0
1265.0,3.0
1270.0,3.0
1275.0,2.0
1280.0,2.0
1285.0,3.0
1300.0,3.0
1305.0,1.0
1320.0,1.0
1325.0,4.0
1330.0,4.0
1335.0,3.0
1340.0,3.0
1345.0,2.0
1350.0,2.0
1355.0,1.0
1360.0,1.0
1365.0,3.0
1370.0,3.0
1375.0,1.0
1380.0,1.0
1385.0,3.0
1390.0,3.0
1395.0,2.0
1400.0,2.0
1405.0,3.0
1410.0,3.0
1415.0,1.0
1480.0,1.0
1485.0,3.0
1490.0,3.0
1495.0,1.0
1500.0,1.0
1505.0,3.0
1520.0,3.0
1525.0,1.0
1550.0,1.0
1555.0,2.0
1560.0,2.0
1565.0,1.0
1570.0,1.0
1575.0,4.0
1580.0,4.0
1585.0,3.0
1590.0,3.0
1595.0,1.0
1600.0,1.0
1605.0,3.0
1610.0,3.0
1615.0,1.0
1630.0,1.0
1635.0,3.0
1640.0,3.0
1645.0,1.0
1650.0,1.0
1655.0,3.0
1660.0,3.0
1665.0,1.0
1690.0,1.0
1695.0,2.0
1700.0,2.0
1705.0,3.0
1710.0,3.0
1715.0,1.0
1720.0,1.0
1725.0,3.0
1730.0,3.0
1735.0,1.0
1740.0,1.0
1745.0,3.0
1760.0,3.0
1765.0,1.0
1810.0,1.0
1815.0,2.0
1830.0,2.0
1835.0,3.0
1840.0,3.0
1845.0,4.0
1850.0,4.0
1855.0,3.0
1860.0,3.0
1865.0,2.0
1870.0,2.0
1875.0,3.0
1890.0,3.0
1895.0,4.0
1900.0,4.0
1905.0,3.0
1930.0,3.0
1935.0,1.0
1950.0,1.0
1955.0,3.0
1960.0,3.0
1965.0,1.0
1970.0,1.0
1975.0,4.0
1980.0,4.0
1985.0,1.0
1990.0,1.0
1995.0,2.0
2000.0,2.0
2005.0,1.0
2010.0,1.0
2015.0,2.0
2020.0,2.0
2025.0,1.0
2030.0,1.0
2035.0,3.0
2050.0,3.0
2055.0,1.0
2060.0,1.0
2065.0,3.0
2110.0,3.0
2115.0,1.0
2120.0,1.0
2125.0,4.0
2130.0,4.0
2135.0,3.0
2180.0,3.0
2185.0,4.0
2190.0,4.0
2195.0,3.0
2250.0,3.0
2255.0,2.0
2260.0,2.0
2265.0,3.0
2270.0,3.0
2275.0,2.0
2280.0,2.0
2285.0,4.0
2290.0,4.0
2295.0,3.0
2340.0,3.0
2345.0,2.0
2350.0,2.0
2355.0,1.0
2360.0,1.0
2365.0,4.0
2370.0,4.0
2375.0,3.0
2430.0,3.0
2435.0,1.0
2440.0,1.0
2445.0,3.0
2460.0,3.0
2465.0,4.0
2470.0,4.0
2475.0,2.0
2480.0,2.0
2485.0,1.0
2490.0,1.0
2495.0,4.0
2500.0,4.0
2505.0,3.0
2510.0,3.0
2515.0,1.0
2520.0,1.0
2525.0,4.0
2530.0,4.0
2535.0,2.0
2540.0,2.0
2545.0,1.0
2550.0,1.0
2555.0,3.0
2560.0,3.0
2565.0,4.0
2570.0,4.0
2575.0,2.0
2580.0,2.0
2585.0,3.0
2590.0,3.0
2595.0,2.0
2600.0,2.0
2605.0,3.0
2630.0,3.0
2635.0,4.0
2640.0,4.0
2645.0,3.0
2700.0,3.0
2705.0,4.0
2710.0,4.0
2715.0,3.0
2730.0,3.0
2735.0,2.0
2740.0,2.0
2745.0,3.0
2780.0,3.0
2785.0,2.0
2790.0,2.0
2795.0,3.0
2800.0,3.0
2805.0,4.0
2810.0,4.0
2815.0,3.0
2870.0,3.0
2875.0,1.0
2880.0,1.0
2885.0,3.0
2910.0,3.0
2915.0,2.0
2920.0,2.0
2925.0,3.0
2930.0,3.0
2935.0,4.0
2940.0,4.0
2945.0,3.0
3000.0,3.0
3005.0,4.0
3010.0,4.0
3015.0,2.0
3020.0,2.0
3025.0,3.0
3040.0,3.0
3045.0,1.0
3050.0,1.0
3055.0,3.0
3060.0,3.0
3065.0,1.0
3070.0,1.0
3075.0,3.0
3100.0,3.0
3105.0,2.0
3110.0,2.0
3115.0,3.0
3260.0,3.0
3265.0,1.0
3270.0,1.0
3275.0,2.0
3280.0,2.0
3285.0,3.0
3290.0,3.0
3295.0,1.0
3320.0,1.0
3325.0,3.0
3330.0,3.0
3335.0,2.0
3340.0,2.0
3345.0,3.0
3350.0,3.0
3355.0,2.0
3360.0,2.0
3365.0,3.0
3370.0,3.0
3375.0,4.0
3380.0,4.0
3385.0,2.0
3390.0,2.0
3395.0,3.0
3400.0,3.0
3405.0,2.0
3410.0,2.0
3415.0,1.0
3420.0,1.0
3425.0,3.0
3430.0,3.0
3435.0,1.0
3440.0,1.0
3445.0,4.0
3450.0,4.0
3455.0,3.0
3470.0,3.0
3475.0,4.0
3480.0,4.0
3485.0,3.0
3490.0,3.0
3495.0,2.0
3500.0,2.0
3505.0,3.0
3510.0,3.0
3515.0,4.0
3520.0,4.0
3525.0,3.0
3530.0,3.0
3535.0,4.0
3540.0,4.0
3545.0,3.0
