0.0,1.0
0.0,1.0
0.0,1.0
5.0,4.0
50.0,4.0
55.0,1.0
60.0,1.0
65.0,4.0
80.0,4.0
85.0,2.0
90.0,2.0
95.0,1.0
100.0,1.0
105.0,4.0
120.0,4.0
125.0,2.0
130.0,2.0
135.0,4.0
180.0,4.0
185.0,1.0
190.0,1.0
195.0,4.0
200.0,4.0
205.0,3.0
210.0,3.0
215.0,4.0
240.0,4.0
245.0,1.0
250.0,1.0
255.0,4.0
260.0,4.0
265.0,2.0
270.0,2.0
275.0,4.0
280.0,4.0
285.0,2.0
290.0,2.0
295.0,4.0
300.0,4.0
305.0,2.0
310.0,2.0
315.0,4.0
320.0,4.0
325.0,1.0
330.0,1.0
335.0,4.0
340.0,4.0
345.0,1.0
350.0,1.0
355.0,4.0
360.0,4.0
365.0,1.0
370.0,1.0
375.0,4.0
380.0,4.0
385.0,3.0
390.0,3.0
395.0,4.0
400.0,4.0
405.0,1.0
410.0,1.0
415.0,2.0
420.0,2.0
425.0,4.0
430.0,4.0
435.0,3.0
440.0,3.0
445.0,1.0
450.0,1.0
455.0,3.0
460.0,3.0
465.0,1.0
470.0,1.0
475.0,3.0
490.0,3.0
495.0,4.0
500.0,4.0
505.0,1.0
510.0,1.0
515.0,2.0
520.0,2.0
525.0,3.0
530.0,3.0
535.0,1.0
540.0,1.0
545.0,2.0
550.0,2.0
555.0,3.0
560.0,3.0
565.0,1.0
580.0,1.0
585.0,3.0
590.0,3.0
595.0,1.0
600.0,1.0
605.0,2.0
610.0,2.0
615.0,1.0
640.0,1.0
645.0,3.0
650.0,3.0
655.0,1.0
670.0,1.0
675.0,3.0
680.0,3.0
685.0,1.0
690.0,1.0
695.0,3.0
740.0,3.0
745.0,2.0
810.0,2.0
815.0,4.0
820.0,4.0
825.0,2.0
850.0,2.0
855.0,1.0
860.0,1.0
865.0,3.0
870.0,3.0
875.0,2.0
890.0,2.0
895.0,4.0
900.0,4.0
905.0,1.0
910.0,1.0
915.0,2.0
920.0,2.0
925.0,3.0
930.0,3.0
935.0,1.0
940.0,1.0
945.0,3.0
950.0,3.0
955.0,1.0
970.0,1.0
975.0,2.0
980.0,2.0
985.0,4.0
1000.0,4.0
1005.0,1.0
1010.0,1.0
1015.0,2.0
1020.0,2.0
1025.0,1.0
1030.0,1.0
1035.0,2.0
1040.0,2.0
1045.0,1.0
1050.0,1.0
1055.0,3.0
1060.0,3.0
1065.0,1.0
1080.0,1.0
1085.0,3.0
1090.0,3.0
1095.0,1.0
1110.0,1.0
1115.0,3.0
1120.0,3.0
1125.0,2.0
1130.0,2.0
1135.0,1.0
1140.0,1.0
1145.0,3.0
1150.0,3.0
1155.0,1.0
1160.0,1.0
1165.0,3.0
1220.0,3.0
1225.0,2.0
1230.0,2.0
1235.0,3.0
1240.0,3.0
1245.0,2.0
1260.0,2.0
1265.0,1.0
1270.0,1.0
1275.0,2.0
1290.0,2.0
1295.0,1.0
1300.0,1.0
1305.0,2.0
1310.0,2.0
1315.0,1.0
1320.0,1.0
1325.0,2.0
1330.0,2.0
1335.0,4.0
1340.0,4.0
1345.0,3.0
1350.0,3.0
1355.0,1.0
1360.0,1.0
1365.0,3.0
1370.0,3.0
1375.0,1.0
1380.0,1.0
1385.0,2.0
1390.0,2.0
1395.0,1.0
1400.0,1.0
1405.0,2.0
1420.0,2.0
1425.0,4.0
1440.0,4.0
1445.0,1.0
1470.0,1.0
1475.0,2.0
1480.0,2.0
1485.0,4.0
1510.0,4.0
1515.0,3.0
1520.0,3.0
1525.0,4.0
1580.0,4.0
1585.0,3.0
1590.0,3.0
1595.0,1.0
1600.0,1.0
1605.0,4.0
1610.0,4.0
1615.0,1.0
1620.0,1.0
1625.0,3.0
1630.0,3.0
1635.0,2.0
1640.0,2.0
1645.0,4.0
1910.0,4.0
1915.0,3.0
1920.0,3.0
1925.0,1.0
1930.0,1.0
1935.0,4.0
1950.0,4.0
1955.0,1.0
1960.0,1.0
1965.0,2.0
1970.0,2.0
1975.0,4.0
1980.0,4.0
1985.0,1.0
1990.0,1.0
1995.0,4.0
2100.0,4.0
2105.0,1.0
2110.0,1.0
2115.0,4.0
2160.0,4.0
2165.0,2.0
2170.0,2.0
2175.0,4.0
2200.0,4.0
2205.0,3.0
2210.0,3.0
2215.0,4.0
2230.0,4.0
2235.0,2.0
2240.0,2.0
2245.0,4.0
2250.0,4.0
2255.0,1.0
2260.0,1.0
2265.0,4.0
2370.0,4.0
2375.0,3.0
2380.0,3.0
2385.0,1.0
2390.0,1.0
2395.0,4.0
2500.0,4.0
2505.0,1.0
2510.0,1.0
2515.0,4.0
2520.0,4.0
2525.0,1.0
2530.0,1.0
2535.0,4.0
2540.0,4.0
2545.0,1.0
2550.0,1.0
2555.0,2.0
2560.0,2.0
2565.0,1.0
2570.0,1.0
2575.0,4.0
2590.0,4.0
2595.0,1.0
2600.0,1.0
2605.0,4.0
2620.0,4.0
2625.0,1.0
2630.0,1.0
2635.0,4.0
2690.0,4.0
2695.0,1.0
2700.0,1.0
2705.0,4.0
2800.0,4.0
2805.0,1.0
2810.0,1.0
2815.0,4.0
2840.0,4.0
2845.0,2.0
2850.0,2.0
2855.0,4.0
2880.0,4.0
2885.0,3.0
2890.0,3.0
2895.0,4.0
2920.0,4.0
2925.0,1.0
2930.0,1.0
2935.0,4.0
3050.0,4.0
3055.0,3.0
3060.0,3.0
3065.0,4.0
3070.0,4.0
3075.0,2.0
3080.0,2.0
3085.0,3.0
3090.0,3.0
3095.0,4.0
3100.0,4.0
3105.0,1.0
3130.0,1.0
3135.0,4.0
3160.0,4.0
3165.0,2.0
3170.0,2.0
3175.0,4.0
3270.0,4.0
3275.0,1.0
3280.0,1.0
3285.0,2.0
3290.0,2.0
3295.0,4.0
3310.0,4.0
3315.0,1.0
3320.0,1.0
3325.0,2.0
3330.0,2.0
3335.0,4.0
3400.0,4.0
3405.0,3.0
3410.0,3.0
3415.0,4.0
3560.0,4.0
3565.0,3.0
3570.0,3.0
3575.0,4.0
