0.0,1.0
0.0,1.0
0.0,1.0
5.0,4.0
10.0,4.0
15.0,1.0
30.0,1.0
35.0,2.0
40.0,2.0
45.0,4.0
60.0,4.0
65.0,1.0
210.0,1.0
215.0,4.0
220.0,4.0
225.0,1.0
230.0,1.0
235.0,4.0
240.0,4.0
245.0,1.0
260.0,1.0
265.0,2.0
270.0,2.0
275.0,1.0
310.0,1.0
315.0,2.0
320.0,2.0
325.0,1.0
370.0,1.0
375.0,3.0
380.0,3.0
385.0,1.0
430.0,1.0
435.0,4.0
440.0,4.0
445.0,1.0
450.0,1.0
455.0,2.0
460.0,2.0
465.0,1.0
490.0,1.0
495.0,2.0
500.0,2.0
505.0,1.0
710.0,1.0
715.0,2.0
720.0,2.0
725.0,1.0
740.0,1.0
745.0,4.0
750.0,4.0
755.0,1.0
780.0,1.0
785.0,4.0
790.0,4.0
795.0,1.0
800.0,1.0
805.0,3.0
810.0,3.0
815.0,1.0
820.0,1.0
825.0,3.0
830.0,3.0
835.0,1.0
840.0,1.0
845.0,2.0
850.0,2.0
855.0,1.0
910.0,1.0
915.0,2.0
930.0,2.0
935.0,4.0
940.0,4.0
945.0,1.0
950.0,1.0
955.0,2.0
960.0,2.0
965.0,1.0
990.0,1.0
995.0,2.0
1000.0,2.0
1005.0,4.0
1010.0,4.0
1015.0,1.0
1050.0,1.0
1055.0,2.0
1060.0,2.0
1065.0,3.0
1070.0,3.0
1075.0,1.0
1080.0,1.0
1085.0,4.0
1090.0,4.0
1095.0,2.0
1100.0,2.0
1105.0,1.0
1110.0,1.0
1115.0,2.0
1130.0,2.0
1135.0,3.0
1140.0,3.0
1145.0,1.0
1150.0,1.0
1155.0,2.0
1170.0,2.0
1175.0,1.0
1190.0,1.0
1195.0,4.0
1200.0,4.0
1205.0,1.0
1220.0,1.0
1225.0,3.0
1230.0,3.0
1235.0,2.0
1250.0,2.0
1255.0,1.0
1260.0,1.0
1265.0,2.0
1270.0,2.0
1275.0,1.0
1280.0,1.0
1285.0,2.0
1300.0,2.0
1305.0,1.0
1320.0,1.0
1325.0,2.0
1330.0,2.0
1335.0,1.0
1340.0,1.0
1345.0,2.0
1350.0,2.0
1355.0,1.0
1360.0,1.0
1365.0,3.0
1370.0,3.0
1375.0,1.0
1380.0,1.0
1385.0,3.0
1390.0,3.0
1395.0,1.0
1400.0,1.0
1405.0,4.0
1410.0,4.0
1415.0,1.0
1420.0,1.0
1425.0,3.0
1440.0,3.0
1445.0,1.0
1450.0,1.0
1455.0,2.0
1460.0,2.0
1465.0,3.0
1470.0,3.0
1475.0,2.0
1480.0,2.0
1485.0,1.0
1510.0,1.0
1515.0,2.0
1520.0,2.0
1525.0,1.0
1530.0,1.0
1535.0,2.0
1540.0,2.0
1545.0,4.0
1550.0,4.0
1555.0,2.0
1560.0,2.0
1565.0,1.0
1570.0,1.0
1575.0,3.0
1580.0,3.0
1585.0,1.0
1590.0,1.0
1595.0,2.0
1620.0,2.0
1625.0,1.0
1630.0,1.0
1635.0,2.0
1640.0,2.0
1645.0,1.0
1690.0,1.0
1695.0,2.0
1700.0,2.0
1705.0,4.0
1710.0,4.0
1715.0,2.0
1740.0,2.0
1745.0,1.0
1780.0,1.0
1785.0,3.0
1790.0,3.0
1795.0,1.0
1800.0,1.0
1805.0,2.0
1810.0,2.0
1815.0,3.0
1820.0,3.0
1825.0,4.0
1840.0,4.0
1845.0,2.0
1860.0,2.0
1865.0,1.0
1910.0,1.0
1915.0,3.0
1920.0,3.0
1925.0,1.0
2010.0,1.0
2015.0,3.0
2020.0,3.0
2025.0,1.0
2030.0,1.0
2035.0,2.0
2040.0,2.0
2045.0,1.0
2060.0,1.0
2065.0,2.0
2070.0,2.0
2075.0,1.0
2080.0,1.0
2085.0,3.0
2090.0,3.0
2095.0,1.0
2130.0,1.0
2135.0,2.0
2140.0,2.0
2145.0,1.0
2190.0,1.0
2195.0,2.0
2200.0,2.0
2205.0,1.0
2220.0,1.0
2225.0,4.0
2230.0,4.0
2235.0,3.0
2240.0,3.0
2245.0,1.0
2250.0,1.0
2255.0,2.0
2260.0,2.0
2265.0,3.0
2270.0,3.0
2275.0,1.0
2280.0,1.0
2285.0,2.0
2350.0,2.0
2355.0,1.0
2360.0,1.0
2365.0,2.0
2370.0,2.0
2375.0,1.0
2380.0,1.0
2385.0,2.0
2390.0,2.0
2395.0,3.0
2400.0,3.0
2405.0,1.0
2410.0,1.0
2415.0,2.0
2430.0,2.0
2435.0,1.0
2480.0,1.0
2485.0,2.0
2490.0,2.0
2495.0,1.0
2510.0,1.0
2515.0,2.0
2520.0,2.0
2525.0,4.0
2530.0,4.0
2535.0,2.0
2540.0,2.0
2545.0,1.0
2550.0,1.0
2555.0,3.0
2560.0,3.0
2565.0,1.0
2620.0,1.0
2625.0,4.0
2630.0,4.0
2635.0,1.0
2650.0,1.0
2655.0,2.0
2660.0,2.0
2665.0,1.0
2670.0,1.0
2675.0,2.0
2680.0,2.0
2685.0,1.0
2710.0,1.0
2715.0,2.0
2720.0,2.0
2725.0,4.0
2730.0,4.0
2735.0,2.0
2740.0,2.0
2745.0,1.0
2810.0,1.0
2815.0,2.0
2820.0,2.0
2825.0,1.0
2900.0,1.0
2905.0,3.0
2910.0,3.0
2915.0,1.0
2930.0,1.0
2935.0,3.0
2940.0,3.0
2945.0,1.0
2970.0,1.0
2975.0,2.0
2980.0,2.0
2985.0,1.0
3000.0,1.0
3005.0,2.0
3010.0,2.0
3015.0,1.0
3020.0,1.0
3025.0,2.0
3030.0,2.0
3035.0,1.0
3040.0,1.0
3045.0,3.0
3050.0,3.0
3055.0,1.0
3100.0,1.0
3105.0,2.0
3120.0,2.0
3125.0,1.0
3130.0,1.0
3135.0,2.0
3140.0,2.0
3145.0,3.0
3150.0,3.0
3155.0,1.0
3160.0,1.0
3165.0,3.0
3180.0,3.0
3185.0,4.0
3190.0,4.0
3195.0,1.0
3340.0,1.0
3345.0,4.0
3350.0,4.0
3355.0,2.0
3360.0,2.0
3365.0,4.0
3370.0,4.0
3375.0,2.0
3380.0,2.0
3385.0,1.0
3390.0,1.0
3395.0,2.0
3420.0,2.0
3425.0,1.0
3430.0,1.0
3435.0,2.0
3500.0,2.0
3505.0,1.0
3520.0,1.0
3525.0,2.0
3530.0,2.0
3535.0,1.0
3560.0,1.0
3565.0,2.0
3570.0,2.0
3575.0,1.0
3590.0,1.0
3595.0,4.0
