0.0,1.0
0.0,1.0
0.0,1.0
5.0,2.0
10.0,2.0
15.0,1.0
20.0,1.0
25.0,2.0
30.0,2.0
35.0,1.0
40.0,1.0
45.0,2.0
50.0,2.0
55.0,1.0
60.0,1.0
65.0,2.0
90.0,2.0
95.0,1.0
100.0,1.0
105.0,2.0
130.0,2.0
135.0,1.0
140.0,1.0
145.0,2.0
190.0,2.0
195.0,3.0
200.0,3.0
205.0,2.0
210.0,2.0
215.0,3.0
220.0,3.0
225.0,2.0
250.0,2.0
255.0,1.0
260.0,1.0
265.0,2.0
280.0,2.0
285.0,1.0
290.0,1.0
295.0,2.0
300.0,2.0
305.0,3.0
310.0,3.0
315.0,2.0
400.0,2.0
405.0,1.0
410.0,1.0
415.0,4.0
420.0,4.0
425.0,2.0
440.0,2.0
445.0,1.0
450.0,1.0
455.0,2.0
460.0,2.0
465.0,4.0
470.0,4.0
475.0,2.0
500.0,2.0
505.0,4.0
510.0,4.0
515.0,2.0
520.0,2.0
525.0,3.0
600.0,3.0
605.0,2.0
610.0,2.0
615.0,1.0
620.0,1.0
625.0,2.0
630.0,2.0
635.0,1.0
640.0,1.0
645.0,2.0
650.0,2.0
655.0,3.0
660.0,3.0
665.0,2.0
670.0,2.0
675.0,1.0
680.0,1.0
685.0,2.0
690.0,2.0
695.0,1.0
700.0,1.0
705.0,2.0
710.0,2.0
715.0,1.0
720.0,1.0
725.0,2.0
730.0,2.0
735.0,1.0
750.0,1.0
755.0,2.0
780.0,2.0
785.0,1.0
790.0,1.0
795.0,2.0
910.0,2.0
915.0,3.0
920.0,3.0
925.0,2.0
940.0,2.0
945.0,3.0
950.0,3.0
955.0,4.0
960.0,4.0
965.0,3.0
970.0,3.0
975.0,4.0
980.0,4.0
985.0,3.0
990.0,3.0
995.0,2.0
1000.0,2.0
1005.0,1.0
1030.0,1.0
1035.0,2.0
1100.0,2.0
1105.0,4.0
1110.0,4.0
1115.0,2.0
1170.0,2.0
1175.0,1.0
1190.0,1.0
1195.0,2.0
1250.0,2.0
1255.0,4.0
1260.0,4.0
1265.0,2.0
1300.0,2.0
1305.0,1.0
1310.0,1.0
1315.0,4.0
1320.0,4.0
1325.0,2.0
1330.0,2.0
1335.0,1.0
1350.0,1.0
1355.0,3.0
1360.0,3.0
1365.0,4.0
1370.0,4.0
1375.0,2.0
1460.0,2.0
1465.0,1.0
1470.0,1.0
1475.0,2.0
1480.0,2.0
1485.0,1.0
1500.0,1.0
1505.0,2.0
1510.0,2.0
1515.0,3.0
1520.0,3.0
1525.0,4.0
1530.0,4.0
1535.0,1.0
1540.0,1.0
1545.0,2.0
1600.0,2.0
1605.0,1.0
1610.0,1.0
1615.0,2.0
1640.0,2.0
1645.0,1.0
1650.0,1.0
1655.0,4.0
1660.0,4.0
1665.0,2.0
1710.0,2.0
1715.0,1.0
1730.0,1.0
1735.0,2.0
1740.0,2.0
1745.0,4.0
1750.0,4.0
1755.0,1.0
1760.0,1.0
1765.0,2.0
1770.0,2.0
1775.0,4.0
1780.0,4.0
1785.0,2.0
1790.0,2.0
1795.0,3.0
1800.0,3.0
1805.0,2.0
1890.0,2.0
1895.0,3.0
2000.0,3.0
2005.0,4.0
2010.0,4.0
2015.0,3.0
2190.0,3.0
2195.0,2.0
2200.0,2.0
2205.0,3.0
2240.0,3.0
2245.0,2.0
2250.0,2.0
2255.0,3.0
2270.0,3.0
2275.0,4.0
2280.0,4.0
2285.0,3.0
2290.0,3.0
2295.0,2.0
2300.0,2.0
2305.0,3.0
2310.0,3.0
2315.0,2.0
2410.0,2.0
2415.0,4.0
2420.0,4.0
2425.0,2.0
2430.0,2.0
2435.0,3.0
2440.0,3.0
2445.0,2.0
2580.0,2.0
2585.0,1.0
2590.0,1.0
2595.0,2.0
2600.0,2.0
2605.0,3.0
2610.0,3.0
2615.0,2.0
2680.0,2.0
2685.0,3.0
2690.0,3.0
2695.0,2.0
2700.0,2.0
2705.0,3.0
2710.0,3.0
2715.0,2.0
2720.0,2.0
2725.0,3.0
2730.0,3.0
2735.0,2.0
2740.0,2.0
2745.0,3.0
2750.0,3.0
2755.0,2.0
2760.0,2.0
2765.0,3.0
2770.0,3.0
2775.0,2.0
2780.0,2.0
2785.0,3.0
2790.0,3.0
2795.0,2.0
2800.0,2.0
2805.0,3.0
2810.0,3.0
2815.0,2.0
2820.0,2.0
2825.0,1.0
2830.0,1.0
2835.0,2.0
2840.0,2.0
2845.0,1.0
2850.0,1.0
2855.0,2.0
2900.0,2.0
2905.0,1.0
2910.0,1.0
2915.0,2.0
3000.0,2.0
3005.0,1.0
3010.0,1.0
3015.0,2.0
3040.0,2.0
3045.0,4.0
3050.0,4.0
3055.0,2.0
3150.0,2.0
3155.0,3.0
3160.0,3.0
3165.0,2.0
3170.0,2.0
3175.0,3.0
3180.0,3.0
3185.0,2.0
3190.0,2.0
3195.0,3.0
3210.0,3.0
3215.0,2.0
3220.0,2.0
3225.0,3.0
3230.0,3.0
3235.0,1.0
3240.0,1.0
3245.0,2.0
3250.0,2.0
3255.0,3.0
3260.0,3.0
3265.0,1.0
3270.0,1.0
3275.0,2.0
3280.0,2.0
3285.0,3.0
3290.0,3.0
3295.0,2.0
3300.0,2.0
3305.0,3.0
3310.0,3.0
3315.0,4.0
3320.0,4.0
3325.0,3.0
3340.0,3.0
3345.0,2.0
3350.0,2.0
3355.0,1.0
3370.0,1.0
3375.0,2.0
3380.0,2.0
3385.0,3.0
3390.0,3.0
3395.0,1.0
3410.0,1.0
3415.0,3.0
3420.0,3.0
3425.0,2.0
3430.0,2.0
3435.0,3.0
3440.0,3.0
3445.0,2.0
3450.0,2.0
3455.0,3.0
3460.0,3.0
3465.0,2.0
3480.0,2.0
3485.0,3.0
3490.0,3.0
3495.0,2.0
3500.0,2.0
3505.0,1.0
3510.0,1.0
3515.0,2.0
3520.0,2.0
3525.0,3.0
3530.0,3.0
3535.0,2.0
3540.0,2.0
3545.0,3.0
3550.0,3.0
3555.0,2.0
3560.0,2.0
3565.0,3.0
3570.0,3.0
3575.0,2.0
3580.0,2.0
3585.0,3.0
3590.0,3.0
3595.0,2.0
