0.0,1.0
0.0,1.0
120.0,1.0
125.0,2.0
140.0,2.0
145.0,3.0
150.0,3.0
155.0,4.0
160.0,4.0
165.0,1.0
180.0,1.0
185.0,3.0
190.0,3.0
195.0,2.0
200.0,2.0
205.0,1.0
250.0,1.0
255.0,3.0
260.0,3.0
265.0,1.0
270.0,1.0
275.0,2.0
280.0,2.0
285.0,1.0
320.0,1.0
325.0,3.0
330.0,3.0
335.0,1.0
340.0,1.0
345.0,4.0
350.0,4.0
355.0,1.0
370.0,1.0
375.0,4.0
380.0,4.0
385.0,1.0
470.0,1.0
475.0,3.0
480.0,3.0
485.0,1.0
490.0,1.0
495.0,2.0
500.0,2.0
505.0,1.0
510.0,1.0
515.0,2.0
520.0,2.0
525.0,3.0
540.0,3.0
545.0,1.0
560.0,1.0
565.0,3.0
570.0,3.0
575.0,1.0
590.0,1.0
595.0,2.0
600.0,2.0
605.0,1.0
620.0,1.0
625.0,3.0
630.0,3.0
635.0,1.0
670.0,1.0
675.0,2.0
680.0,2.0
685.0,3.0
690.0,3.0
695.0,4.0
700.0,4.0
705.0,1.0
740.0,1.0
745.0,4.0
750.0,4.0
755.0,2.0
770.0,2.0
775.0,1.0
780.0,1.0
785.0,2.0
790.0,2.0
795.0,1.0
810.0,1.0
815.0,2.0
820.0,2.0
825.0,1.0
830.0,1.0
835.0,2.0
840.0,2.0
845.0,1.0
870.0,1.0
875.0,2.0
880.0,2.0
885.0,1.0
890.0,1.0
895.0,2.0
900.0,2.0
905.0,1.0
910.0,1.0
915.0,4.0
920.0,4.0
925.0,1.0
950.0,1.0
955.0,2.0
960.0,2.0
965.0,3.0
970.0,3.0
975.0,1.0
980.0,1.0
985.0,2.0
990.0,2.0
995.0,1.0
1040.0,1.0
1045.0,2.0
1060.0,2.0
1065.0,1.0
1080.0,1.0
1085.0,2.0
1120.0,2.0
1125.0,1.0
1200.0,1.0
1205.0,2.0
1210.0,2.0
1215.0,1.0
1220.0,1.0
1225.0,2.0
1230.0,2.0
1235.0,4.0
1240.0,4.0
1245.0,3.0
1250.0,3.0
1255.0,1.0
1280.0,1.0
1285.0,2.0
1290.0,2.0
1295.0,1.0
1300.0,1.0
1305.0,3.0
1310.0,3.0
1315.0,1.0
1320.0,1.0
1325.0,4.0
1330.0,4.0
1335.0,1.0
1340.0,1.0
1345.0,2.0
1350.0,2.0
1355.0,1.0
1360.0,1.0
1365.0,2.0
1370.0,2.0
1375.0,1.0
1400.0,1.0
1405.0,3.0
1410.0,3.0
1415.0,1.0
1420.0,1.0
1425.0,3.0
1430.0,3.0
1435.0,1.0
1490.0,1.0
1495.0,4.0
1500.0,4.0
1505.0,2.0
1510.0,2.0
1515.0,1.0
1520.0,1.0
1525.0,2.0
1530.0,2.0
1535.0,1.0
1550.0,1.0
1555.0,3.0
1560.0,3.0
1565.0,1.0
1570.0,1.0
1575.0,2.0
1580.0,2.0
1585.0,1.0
1610.0,1.0
1615.0,4.0
1620.0,4.0
1625.0,2.0
1630.0,2.0
1635.0,1.0
1640.0,1.0
1645.0,4.0
1650.0,4.0
1655.0,1.0
1660.0,1.0
1665.0,2.0
1670.0,2.0
1675.0,1.0
1680.0,1.0
1685.0,2.0
1690.0,2.0
1695.0,1.0
1700.0,1.0
1705.0,2.0
1710.0,2.0
1715.0,4.0
1720.0,4.0
1725.0,1.0
1730.0,1.0
1735.0,2.0
1780.0,2.0
1785.0,1.0
1790.0,1.0
1795.0,3.0
1800.0,3.0
1805.0,1.0
1850.0,1.0
1855.0,2.0
1860.0,2.0
1865.0,1.0
1870.0,1.0
1875.0,2.0
1880.0,2.0
1885.0,1.0
1890.0,1.0
1895.0,2.0
1900.0,2.0
1905.0,1.0
1910.0,1.0
1915.0,2.0
1920.0,2.0
1925.0,1.0
1930.0,1.0
1935.0,2.0
1940.0,2.0
1945.0,1.0
1950.0,1.0
1955.0,2.0
2000.0,2.0
2005.0,1.0
2040.0,1.0
2045.0,2.0
2050.0,2.0
2055.0,1.0
2070.0,1.0
2075.0,4.0
2080.0,4.0
2085.0,1.0
2100.0,1.0
2105.0,2.0
2110.0,2.0
2115.0,1.0
2120.0,1.0
2125.0,2.0
2130.0,2.0
2135.0,1.0
2190.0,1.0
2195.0,2.0
2200.0,2.0
2205.0,1.0
2210.0,1.0
2215.0,2.0
2240.0,2.0
2245.0,1.0
2250.0,1.0
2255.0,2.0
2260.0,2.0
2265.0,1.0
2270.0,1.0
2275.0,2.0
2280.0,2.0
2285.0,1.0
2330.0,1.0
2335.0,3.0
2340.0,3.0
2345.0,1.0
2350.0,1.0
2355.0,4.0
2360.0,4.0
2365.0,1.0
2380.0,1.0
2385.0,2.0
2390.0,2.0
2395.0,1.0
2450.0,1.0
2455.0,2.0
2460.0,2.0
2465.0,1.0
2480.0,1.0
2485.0,2.0
2490.0,2.0
2495.0,1.0
2500.0,1.0
2505.0,3.0
2510.0,3.0
2515.0,1.0
2520.0,1.0
2525.0,2.0
2530.0,2.0
2535.0,1.0
2550.0,1.0
2555.0,2.0
2580.0,2.0
2585.0,1.0
2610.0,1.0
2615.0,2.0
2620.0,2.0
2625.0,1.0
2650.0,1.0
2655.0,4.0
2660.0,4.0
2665.0,2.0
2670.0,2.0
2675.0,1.0
2710.0,1.0
2715.0,2.0
2720.0,2.0
2725.0,1.0
2740.0,1.0
2745.0,4.0
2750.0,4.0
2755.0,1.0
2810.0,1.0
2815.0,2.0
2820.0,2.0
2825.0,1.0
2830.0,1.0
2835.0,2.0
2840.0,2.0
2845.0,1.0
2850.0,1.0
2855.0,2.0
2860.0,2.0
2865.0,1.0
2870.0,1.0
2875.0,2.0
2880.0,2.0
2885.0,1.0
3000.0,1.0
3005.0,3.0
3010.0,3.0
3015.0,2.0
3030.0,2.0
3035.0,3.0
3040.0,3.0
3045.0,1.0
3050.0,1.0
3055.0,4.0
3070.0,4.0
3075.0,2.0
3080.0,2.0
3085.0,1.0
3100.0,1.0
3105.0,2.0
3110.0,2.0
3115.0,1.0
3140.0,1.0
3145.0,4.0
3150.0,4.0
3155.0,2.0
3160.0,2.0
3165.0,4.0
3170.0,4.0
3175.0,1.0
3180.0,1.0
3185.0,2.0
3200.0,2.0
3205.0,1.0
3210.0,1.0
3215.0,2.0
3220.0,2.0
3225.0,1.0
3360.0,1.0
3365.0,4.0
3370.0,4.0
3375.0,3.0
3380.0,3.0
3385.0,1.0
3470.0,1.0
3475.0,3.0
3480.0,3.0
3485.0,1.0
3510.0,1.0
3515.0,2.0
3520.0,2.0
3525.0,1.0
3540.0,1.0
3545.0,3.0
3550.0,3.0
3555.0,1.0
3570.0,1.0
3575.0,2.0
3580.0,2.0
3585.0,3.0
3590.0,3.0
3595.0,1.0
