0.0,1.0
0.0,1.0
0.0,1.0
5.0,3.0
40.0,3.0
45.0,1.0
50.0,1.0
55.0,3.0
100.0,3.0
105.0,1.0
110.0,1.0
115.0,3.0
120.0,3.0
125.0,1.0
130.0,1.0
135.0,2.0
140.0,2.0
145.0,3.0
150.0,3.0
155.0,1.0
210.0,1.0
215.0,3.0
220.0,3.0
225.0,1.0
360.0,1.0
365.0,4.0
370.0,4.0
375.0,1.0
480.0,1.0
485.0,3.0
490.0,3.0
495.0,1.0
530.0,1.0
535.0,3.0
550.0,3.0
555.0,1.0
580.0,1.0
585.0,4.0
590.0,4.0
595.0,1.0
600.0,1.0
605.0,4.0
610.0,4.0
615.0,1.0
670.0,1.0
675.0,2.0
680.0,2.0
685.0,1.0
730.0,1.0
735.0,3.0
750.0,3.0
755.0,1.0
770.0,1.0
775.0,2.0
780.0,2.0
785.0,1.0
830.0,1.0
835.0,2.0
840.0,2.0
845.0,3.0
850.0,3.0
855.0,1.0
890.0,1.0
895.0,3.0
900.0,3.0
905.0,1.0
940.0,1.0
945.0,4.0
950.0,4.0
955.0,3.0
960.0,3.0
965.0,1.0
990.0,1.0
995.0,4.0
1000.0,4.0
1005.0,1.0
1010.0,1.0
1015.0,3.0
1020.0,3.0
1025.0,2.0
1060.0,2.0
1065.0,1.0
1070.0,1.0
1075.0,2.0
1080.0,2.0
1085.0,4.0
1090.0,4.0
1095.0,1.0
1110.0,1.0
1115.0,2.0
1120.0,2.0
1125.0,3.0
1130.0,3.0
1135.0,1.0
1170.0,1.0
1175.0,3.0
1180.0,3.0
1185.0,1.0
1230.0,1.0
1235.0,3.0
1240.0,3.0
1245.0,1.0
1260.0,1.0
1265.0,2.0
1270.0,2.0
1275.0,3.0
1280.0,3.0
1285.0,1.0
1300.0,1.0
1305.0,2.0
1310.0,2.0
1315.0,1.0
1320.0,1.0
1325.0,2.0
1340.0,2.0
1345.0,1.0
1360.0,1.0
1365.0,2.0
1370.0,2.0
1375.0,1.0
1420.0,1.0
1425.0,4.0
1430.0,4.0
1435.0,2.0
1440.0,2.0
1445.0,1.0
1450.0,1.0
1455.0,4.0
1460.0,4.0
1465.0,1.0
1490.0,1.0
1495.0,2.0
1500.0,2.0
1505.0,1.0
1530.0,1.0
1535.0,3.0
1550.0,3.0
1555.0,1.0
1570.0,1.0
1575.0,2.0
1580.0,2.0
1585.0,1.0
1600.0,1.0
1605.0,3.0
1610.0,3.0
1615.0,1.0
1660.0,1.0
1665.0,2.0
1670.0,2.0
1675.0,1.0
1690.0,1.0
1695.0,3.0
1700.0,3.0
1705.0,1.0
1710.0,1.0
1715.0,4.0
1720.0,4.0
1725.0,1.0
1730.0,1.0
1735.0,4.0
1740.0,4.0
1745.0,1.0
1780.0,1.0
1785.0,4.0
1800.0,4.0
1805.0,1.0
1830.0,1.0
1835.0,2.0
1840.0,2.0
1845.0,1.0
1850.0,1.0
1855.0,3.0
1870.0,3.0
1875.0,4.0
1880.0,4.0
1885.0,1.0
1890.0,1.0
1895.0,2.0
1900.0,2.0
1905.0,1.0
1970.0,1.0
1975.0,3.0
1980.0,3.0
1985.0,2.0
1990.0,2.0
1995.0,1.0
2000.0,1.0
2005.0,2.0
2010.0,2.0
2015.0,1.0
2020.0,1.0
2025.0,2.0
2030.0,2.0
2035.0,3.0
2040.0,3.0
2045.0,1.0
2140.0,1.0
2145.0,2.0
2150.0,2.0
2155.0,1.0
2160.0,1.0
2165.0,2.0
2170.0,2.0
2175.0,1.0
2180.0,1.0
2185.0,3.0
2190.0,3.0
2195.0,2.0
2200.0,2.0
2205.0,1.0
2210.0,1.0
2215.0,3.0
2220.0,3.0
2225.0,1.0
2240.0,1.0
2245.0,3.0
2250.0,3.0
2255.0,1.0
2260.0,1.0
2265.0,4.0
2270.0,4.0
2275.0,1.0
2300.0,1.0
2305.0,4.0
2310.0,4.0
2315.0,1.0
2370.0,1.0
2375.0,4.0
2380.0,4.0
2385.0,1.0
2390.0,1.0
2395.0,2.0
2410.0,2.0
2415.0,4.0
2420.0,4.0
2425.0,1.0
2430.0,1.0
2435.0,3.0
2440.0,3.0
2445.0,1.0
2510.0,1.0
2515.0,4.0
2530.0,4.0
2535.0,1.0
2550.0,1.0
2555.0,3.0
2560.0,3.0
2565.0,1.0
2570.0,1.0
2575.0,4.0
2580.0,4.0
2585.0,1.0
2590.0,1.0
2595.0,2.0
2600.0,2.0
2605.0,1.0
2670.0,1.0
2675.0,2.0
2680.0,2.0
2685.0,1.0
2710.0,1.0
2715.0,4.0
2720.0,4.0
2725.0,1.0
2730.0,1.0
2735.0,4.0
2740.0,4.0
2745.0,1.0
2800.0,1.0
2805.0,3.0
2810.0,3.0
2815.0,1.0
2820.0,1.0
2825.0,2.0
2830.0,2.0
2835.0,4.0
2840.0,4.0
2845.0,1.0
2850.0,1.0
2855.0,2.0
2860.0,2.0
2865.0,1.0
2880.0,1.0
2885.0,2.0
2890.0,2.0
2895.0,1.0
2930.0,1.0
2935.0,4.0
2940.0,4.0
2945.0,1.0
2950.0,1.0
2955.0,3.0
2970.0,3.0
2975.0,2.0
2980.0,2.0
2985.0,3.0
2990.0,3.0
2995.0,2.0
3000.0,2.0
3005.0,1.0
3120.0,1.0
3125.0,2.0
3130.0,2.0
3135.0,1.0
3160.0,1.0
3165.0,3.0
3170.0,3.0
3175.0,1.0
3190.0,1.0
3195.0,3.0
3200.0,3.0
3205.0,4.0
3210.0,4.0
3215.0,1.0
3230.0,1.0
3235.0,2.0
3240.0,2.0
3245.0,3.0
3250.0,3.0
3255.0,1.0
3290.0,1.0
3295.0,2.0
3300.0,2.0
3305.0,1.0
3310.0,1.0
3315.0,2.0
3320.0,2.0
3325.0,1.0
3330.0,1.0
3335.0,2.0
3340.0,2.0
3345.0,1.0
3360.0,1.0
3365.0,2.0
3370.0,2.0
3375.0,1.0
3420.0,1.0
3425.0,2.0
3430.0,2.0
3435.0,1.0
3440.0,1.0
3445.0,2.0
3450.0,2.0
3455.0,1.0
3540.0,1.0
3545.0,3.0
3550.0,3.0
3555.0,1.0
