0.0,1.0
0.0,1.0
10.0,1.0
15.0,4.0
20.0,4.0
25.0,1.0
50.0,1.0
55.0,3.0
60.0,3.0
65.0,1.0
100.0,1.0
105.0,3.0
120.0,3.0
125.0,4.0
130.0,4.0
135.0,3.0
210.0,3.0
215.0,4.0
220.0,4.0
225.0,3.0
240.0,3.0
245.0,4.0
250.0,4.0
255.0,3.0
270.0,3.0
275.0,4.0
280.0,4.0
285.0,3.0
360.0,3.0
365.0,1.0
370.0,1.0
375.0,3.0
400.0,3.0
405.0,1.0
410.0,1.0
415.0,3.0
430.0,3.0
435.0,2.0
440.0,2.0
445.0,3.0
470.0,3.0
475.0,1.0
490.0,1.0
495.0,3.0
500.0,3.0
505.0,1.0
510.0,1.0
515.0,3.0
520.0,3.0
525.0,1.0
550.0,1.0
555.0,3.0
580.0,3.0
585.0,2.0
590.0,2.0
595.0,1.0
600.0,1.0
605.0,4.0
620.0,4.0
625.0,3.0
630.0,3.0
635.0,1.0
640.0,1.0
645.0,3.0
670.0,3.0
675.0,4.0
680.0,4.0
685.0,3.0
690.0,3.0
695.0,1.0
720.0,1.0
725.0,3.0
780.0,3.0
785.0,1.0
790.0,1.0
795.0,4.0
800.0,4.0
805.0,3.0
830.0,3.0
835.0,1.0
840.0,1.0
845.0,3.0
1030.0,3.0
1035.0,2.0
1040.0,2.0
1045.0,3.0
1080.0,3.0
1085.0,4.0
1090.0,4.0
1095.0,3.0
1110.0,3.0
1115.0,2.0
1130.0,2.0
1135.0,3.0
1150.0,3.0
1155.0,2.0
1160.0,2.0
1165.0,3.0
1180.0,3.0
1185.0,2.0
1190.0,2.0
1195.0,3.0
1220.0,3.0
1225.0,1.0
1230.0,1.0
1235.0,3.0
1310.0,3.0
1315.0,2.0
1320.0,2.0
1325.0,3.0
1350.0,3.0
1355.0,1.0
1360.0,1.0
1365.0,3.0
1370.0,3.0
1375.0,2.0
1380.0,2.0
1385.0,3.0
1390.0,3.0
1395.0,1.0
1400.0,1.0
1405.0,3.0
1410.0,3.0
1415.0,2.0
1420.0,2.0
1425.0,3.0
1440.0,3.0
1445.0,4.0
1450.0,4.0
1455.0,3.0
1500.0,3.0
1505.0,2.0
1510.0,2.0
1515.0,4.0
1520.0,4.0
1525.0,3.0
1550.0,3.0
1555.0,1.0
1560.0,1.0
1565.0,3.0
1580.0,3.0
1585.0,1.0
1590.0,1.0
1595.0,3.0
1660.0,3.0
1665.0,1.0
1670.0,1.0
1675.0,3.0
1740.0,3.0
1745.0,2.0
1750.0,2.0
1755.0,1.0
1760.0,1.0
1765.0,3.0
1770.0,3.0
1775.0,1.0
1790.0,1.0
1795.0,3.0
1820.0,3.0
1825.0,1.0
1830.0,1.0
1835.0,3.0
1890.0,3.0
1895.0,2.0
1900.0,2.0
1905.0,3.0
1940.0,3.0
1945.0,4.0
1950.0,4.0
1955.0,2.0
1960.0,2.0
1965.0,3.0
1990.0,3.0
1995.0,1.0
2000.0,1.0
2005.0,3.0
2010.0,3.0
2015.0,4.0
2020.0,4.0
2025.0,3.0
2070.0,3.0
2075.0,4.0
2080.0,4.0
2085.0,3.0
2090.0,3.0
2095.0,2.0
2100.0,2.0
2105.0,1.0
2110.0,1.0
2115.0,3.0
2160.0,3.0
2165.0,1.0
2180.0,1.0
2185.0,4.0
2190.0,4.0
2195.0,2.0
2200.0,2.0
2205.0,3.0
2240.0,3.0
2245.0,2.0
2250.0,2.0
2255.0,3.0
2320.0,3.0
2325.0,2.0
2330.0,2.0
2335.0,3.0
2420.0,3.0
2425.0,2.0
2430.0,2.0
2435.0,3.0
2440.0,3.0
2445.0,2.0
2470.0,2.0
2475.0,3.0
2480.0,3.0
2485.0,2.0
2490.0,2.0
2495.0,3.0
2500.0,3.0
2505.0,2.0
2510.0,2.0
2515.0,3.0
2570.0,3.0
2575.0,2.0
2580.0,2.0
2585.0,4.0
2590.0,4.0
2595.0,3.0
2620.0,3.0
2625.0,1.0
2630.0,1.0
2635.0,3.0
2680.0,3.0
2685.0,2.0
2690.0,2.0
2695.0,3.0
2780.0,3.0
2785.0,1.0
2790.0,1.0
2795.0,3.0
2810.0,3.0
2815.0,4.0
2830.0,4.0
2835.0,2.0
2840.0,2.0
2845.0,3.0
2850.0,3.0
2855.0,1.0
2860.0,1.0
2865.0,2.0
2870.0,2.0
2875.0,3.0
2950.0,3.0
2955.0,1.0
2960.0,1.0
2965.0,3.0
2990.0,3.0
2995.0,2.0
3000.0,2.0
3005.0,3.0
3090.0,3.0
3095.0,4.0
3100.0,4.0
3105.0,3.0
3110.0,3.0
3115.0,2.0
3120.0,2.0
3125.0,1.0
3140.0,1.0
3145.0,3.0
3180.0,3.0
3185.0,4.0
3190.0,4.0
3195.0,3.0
3210.0,3.0
3215.0,2.0
3220.0,2.0
3225.0,1.0
3230.0,1.0
3235.0,3.0
3240.0,3.0
3245.0,1.0
3250.0,1.0
3255.0,3.0
3270.0,3.0
3275.0,2.0
3280.0,2.0
3285.0,1.0
3290.0,1.0
3295.0,3.0
3300.0,3.0
3305.0,2.0
3310.0,2.0
3315.0,3.0
3320.0,3.0
3325.0,1.0
3330.0,1.0
3335.0,3.0
3340.0,3.0
3345.0,1.0
3350.0,1.0
3355.0,2.0
3360.0,2.0
3365.0,3.0
3400.0,3.0
3405.0,4.0
3410.0,4.0
3415.0,2.0
3420.0,2.0
3425.0,3.0
3430.0,3.0
3435.0,2.0
3440.0,2.0
3445.0,1.0
3450.0,1.0
3455.0,2.0
3460.0,2.0
3465.0,3.0
3470.0,3.0
3475.0,2.0
3480.0,2.0
3485.0,3.0
3490.0,3.0
3495.0,1.0
3510.0,1.0
3515.0,4.0
3520.0,4.0
3525.0,2.0
3540.0,2.0
3545.0,1.0
3550.0,1.0
3555.0,3.0
